7.274688243865966797e+00
6.572745800018310547e+00
6.322105884552001953e+00
6.066322326660156250e+00
5.910484790802001953e+00
6.530230045318603516e+00
6.440275192260742188e+00
5.941800117492675781e+00
6.455552577972412109e+00
6.347228527069091797e+00
5.717591762542724609e+00
6.488097667694091797e+00
5.657269001007080078e+00
5.592676639556884766e+00
5.964275836944580078e+00
6.616306304931640625e+00
6.275594711303710938e+00
5.488554477691650391e+00
5.448176860809326172e+00
5.718697071075439453e+00
5.593258380889892578e+00
5.965137958526611328e+00
6.507665157318115234e+00
6.497718334197998047e+00
5.689661502838134766e+00
5.998362064361572266e+00
5.711412906646728516e+00
5.653142929077148438e+00
5.679284572601318359e+00
6.112563133239746094e+00
6.401309490203857422e+00
5.818554401397705078e+00
5.422679901123046875e+00
5.549393177032470703e+00
5.957077980041503906e+00
5.953445434570312500e+00
6.604133129119873047e+00
6.204013347625732422e+00
7.446185588836669922e+00
5.667268276214599609e+00
5.786654949188232422e+00
5.959617137908935547e+00
6.136305332183837891e+00
6.310914993286132812e+00
6.491760253906250000e+00
6.672779560089111328e+00
5.817779064178466797e+00
5.892320632934570312e+00
5.859706401824951172e+00
6.188540935516357422e+00
5.895042896270751953e+00
6.046435832977294922e+00
6.136506557464599609e+00
6.326098918914794922e+00
6.156255245208740234e+00
5.993185997009277344e+00
6.078244209289550781e+00
5.998739719390869141e+00
5.980468273162841797e+00
6.567067623138427734e+00
6.508925914764404297e+00
6.480066299438476562e+00
7.936725139617919922e+00
5.583299160003662109e+00
5.583299160003662109e+00
5.478518009185791016e+00
5.724752902984619141e+00
5.526034355163574219e+00
5.522144794464111328e+00
7.003313064575195312e+00
7.807297229766845703e+00
7.660541534423828125e+00
8.152613639831542969e+00
8.380423545837402344e+00
8.380423545837402344e+00
7.742805957794189453e+00
7.791487216949462891e+00
7.341447830200195312e+00
7.569502353668212891e+00
7.305206775665283203e+00
7.372920513153076172e+00
7.076243400573730469e+00
6.105707645416259766e+00
7.103399753570556641e+00
6.117627143859863281e+00
5.197449684143066406e+00
6.982194423675537109e+00
7.290964603424072266e+00
6.695627689361572266e+00
7.387941837310791016e+00
6.774596691131591797e+00
7.230997562408447266e+00
7.124699115753173828e+00
7.694468498229980469e+00
7.677111625671386719e+00
6.516633033752441406e+00
6.549038410186767578e+00
6.546247959136962891e+00
7.102616786956787109e+00
7.113212108612060547e+00
7.085975646972656250e+00
7.119328022003173828e+00
7.120881080627441406e+00
7.157608509063720703e+00
7.488958835601806641e+00
7.477221965789794922e+00
7.278514385223388672e+00
7.916598796844482422e+00
6.974826812744140625e+00
7.443067073822021484e+00
7.605206012725830078e+00
6.935032844543457031e+00
7.552384853363037109e+00
8.014235496520996094e+00
7.130501270294189453e+00
8.245130538940429688e+00
7.938967227935791016e+00
7.792010784149169922e+00
7.493777751922607422e+00
7.474196910858154297e+00
7.975061893463134766e+00
7.909820556640625000e+00
7.883149147033691406e+00
7.488958835601806641e+00
7.321029186248779297e+00
7.321029186248779297e+00
7.348036289215087891e+00
8.186299324035644531e+00
7.827282428741455078e+00
7.975061893463134766e+00
5.367975234985351562e+00
5.472183704376220703e+00
5.631810665130615234e+00
5.797198772430419922e+00
5.970323085784912109e+00
6.150430679321289062e+00
6.331645488739013672e+00
7.627706050872802734e+00
5.568118572235107422e+00
7.297413349151611328e+00
7.510019779205322266e+00
7.202726840972900391e+00
6.407062053680419922e+00
7.181943416595458984e+00
7.167082786560058594e+00
6.997753620147705078e+00
6.616909503936767578e+00
7.135525226593017578e+00
7.195718288421630859e+00
7.118700027465820312e+00
6.352707862854003906e+00
6.633681297302246094e+00
7.076649188995361328e+00
6.482704162597656250e+00
7.038372516632080078e+00
6.913727283477783203e+00
6.523177623748779297e+00
7.600566387176513672e+00
7.382576465606689453e+00
6.254239559173583984e+00
7.342547893524169922e+00
7.374807357788085938e+00
7.012308597564697266e+00
7.012308597564697266e+00
7.183806896209716797e+00
6.625918865203857422e+00
7.244859218597412109e+00
6.784011363983154297e+00
5.929183483123779297e+00
7.576311111450195312e+00
7.574926853179931641e+00
7.552124500274658203e+00
7.011276721954345703e+00
7.016573429107666016e+00
6.812981128692626953e+00
6.915689945220947266e+00
7.009050846099853516e+00
7.072435855865478516e+00
7.533852577209472656e+00
7.495061397552490234e+00
6.940002441406250000e+00
7.383199214935302734e+00
7.408154010772705078e+00
7.384024143218994141e+00
7.844314098358154297e+00
7.204638004302978516e+00
5.430832386016845703e+00
7.920547962188720703e+00
7.759522438049316406e+00
7.670333385467529297e+00
7.356812953948974609e+00
8.292622566223144531e+00
7.395669460296630859e+00
8.040690422058105469e+00
8.195425987243652344e+00
7.535698413848876953e+00
7.520185947418212891e+00
7.180286884307861328e+00
7.255363464355468750e+00
7.273984432220458984e+00
7.534476280212402344e+00
7.544031620025634766e+00
7.538302421569824219e+00
7.522043704986572266e+00
7.462803363800048828e+00
7.450508594512939453e+00
7.000643253326416016e+00
6.862550735473632812e+00
7.547479629516601562e+00
7.562292575836181641e+00
7.543589115142822266e+00
7.488285541534423828e+00
7.618896007537841797e+00
7.659904956817626953e+00
7.628547668457031250e+00
7.559533596038818359e+00
7.025971889495849609e+00
7.113979816436767578e+00
6.506625175476074219e+00
5.917968273162841797e+00
6.305290699005126953e+00
5.828662872314453125e+00
5.684554576873779297e+00
5.767883777618408203e+00
5.773096561431884766e+00
5.587398052215576172e+00
5.639845848083496094e+00
8.283805847167968750e+00
8.398015975952148438e+00
7.894918441772460938e+00
7.992454051971435547e+00
7.971597194671630859e+00
7.963928222656250000e+00
7.988979816436767578e+00
7.900361537933349609e+00
7.892566204071044922e+00
7.910848617553710938e+00
8.062454223632812500e+00
7.650843143463134766e+00
8.052369117736816406e+00
8.117833137512207031e+00
7.668534755706787109e+00
7.928315639495849609e+00
8.050151824951171875e+00
7.949429035186767578e+00
7.950067043304443359e+00
8.002585411071777344e+00
8.028805732727050781e+00
8.136409759521484375e+00
8.112771987915039062e+00
8.227169036865234375e+00
8.168868064880371094e+00
7.966982841491699219e+00
8.112562179565429688e+00
7.948146343231201172e+00
7.829526424407958984e+00
7.792431354522705078e+00
7.821599483489990234e+00
8.172863006591796875e+00
8.039740562438964844e+00
7.935238838195800781e+00
7.779139041900634766e+00
6.408414363861083984e+00
6.408414363861083984e+00
6.408414363861083984e+00
7.345496654510498047e+00
7.345496654510498047e+00
7.345496654510498047e+00
8.112771987915039062e+00
8.112771987915039062e+00
7.708930492401123047e+00
7.960592746734619141e+00
8.168587684631347656e+00
8.086174964904785156e+00
7.678436756134033203e+00
7.659739017486572266e+00
7.715836048126220703e+00
7.569832324981689453e+00
7.643743038177490234e+00
7.773128986358642578e+00
7.659176349639892578e+00
6.151134490966796875e+00
6.724282264709472656e+00
6.716427326202392578e+00
6.221688747406005859e+00
6.187616348266601562e+00
6.145892620086669922e+00
6.196938514709472656e+00
5.980181694030761719e+00
5.971566200256347656e+00
5.978818416595458984e+00
5.911831378936767578e+00
5.833831787109375000e+00
6.061988830566406250e+00
7.498517513275146484e+00
5.822996139526367188e+00
5.481560707092285156e+00
5.590114116668701172e+00
5.942643642425537109e+00
6.850904941558837891e+00
5.995948314666748047e+00
6.227663516998291016e+00
6.077008724212646484e+00
6.045682907104492188e+00
5.635209560394287109e+00
5.978543758392333984e+00
5.691230773925781250e+00
5.929623126983642578e+00
5.994134902954101562e+00
5.973793506622314453e+00
5.932004451751708984e+00
5.699319839477539062e+00
6.170662403106689453e+00
6.068965435028076172e+00
5.698241710662841797e+00
5.852734088897705078e+00
5.942878246307373047e+00
5.581314563751220703e+00
5.592122554779052734e+00
5.672894001007080078e+00
5.756585597991943359e+00
5.487167835235595703e+00
5.907031536102294922e+00
6.038959980010986328e+00
5.699860095977783203e+00
5.582894802093505859e+00
6.963204860687255859e+00
5.572866916656494141e+00
5.539833068847656250e+00
5.641781806945800781e+00
6.253998279571533203e+00
6.524654865264892578e+00
7.581825733184814453e+00
7.381579875946044922e+00
7.570344924926757812e+00
7.411069393157958984e+00
7.530607223510742188e+00
7.391944885253906250e+00
7.576041221618652344e+00
7.267439842224121094e+00
7.621891498565673828e+00
7.996121883392333984e+00
6.043572902679443359e+00
6.583197116851806641e+00
6.740824222564697266e+00
6.811196327209472656e+00
6.899819374084472656e+00
6.475781917572021484e+00
6.087357521057128906e+00
6.602105617523193359e+00
6.759729385375976562e+00
6.830097675323486328e+00
6.455485343933105469e+00
7.138048648834228516e+00
6.613986968994140625e+00
7.039380550384521484e+00
6.654898166656494141e+00
7.060457706451416016e+00
7.084072113037109375e+00
6.596190929412841797e+00
6.878325939178466797e+00
7.001853466033935547e+00
7.025203704833984375e+00
8.949297904968261719e+00
8.046819686889648438e+00
7.390883922576904297e+00
7.739101886749267578e+00
7.949038982391357422e+00
8.056632995605468750e+00
8.116772651672363281e+00
4.649462699890136719e+00
4.996675014495849609e+00
4.841536998748779297e+00
5.050813198089599609e+00
4.731092929840087891e+00
4.980022430419921875e+00
5.095053195953369141e+00
4.805282115936279297e+00
4.883614063262939453e+00
5.227619647979736328e+00
4.533373355865478516e+00
4.764530658721923828e+00
5.086718559265136719e+00
6.133745670318603516e+00
6.642783641815185547e+00
6.297480583190917969e+00
5.972871303558349609e+00
5.805754184722900391e+00
5.264091968536376953e+00
5.904680728912353516e+00
5.726992130279541016e+00
5.562639713287353516e+00
5.345448017120361328e+00
6.449112415313720703e+00
6.244850158691406250e+00
6.671029567718505859e+00
6.201969146728515625e+00
6.448014736175537109e+00
6.240892887115478516e+00
6.242332935333251953e+00
6.139265060424804688e+00
6.609697818756103516e+00
6.091170787811279297e+00
6.696017265319824219e+00
5.578606605529785156e+00
9.121605873107910156e+00
7.717826843261718750e+00
7.720913887023925781e+00
7.742705821990966797e+00
7.770582675933837891e+00
8.926970481872558594e+00
9.001272201538085938e+00
9.001272201538085938e+00
9.029425621032714844e+00
8.805361747741699219e+00
8.805361747741699219e+00
8.764604568481445312e+00
8.818999290466308594e+00
8.833712577819824219e+00
9.121605873107910156e+00
9.121605873107910156e+00
9.121605873107910156e+00
9.121605873107910156e+00
9.121605873107910156e+00
9.128083229064941406e+00
9.140983581542968750e+00
9.146944999694824219e+00
9.022039413452148438e+00
8.951292037963867188e+00
8.984494209289550781e+00
9.303396224975585938e+00
9.288795471191406250e+00
9.073263168334960938e+00
9.064069747924804688e+00
6.406973838806152344e+00
5.324981689453125000e+00
5.276906967163085938e+00
5.333316326141357422e+00
5.288861274719238281e+00
7.533057689666748047e+00
7.131657600402832031e+00
7.319818973541259766e+00
7.028047561645507812e+00
7.153154373168945312e+00
7.450447082519531250e+00
6.905241966247558594e+00
7.430488109588623047e+00
6.335461139678955078e+00
4.855762004852294922e+00
6.952121257781982422e+00
7.138955593109130859e+00
6.462636470794677734e+00
6.485820293426513672e+00
6.551873207092285156e+00
6.476232051849365234e+00
6.501840114593505859e+00
6.490641593933105469e+00
6.530385971069335938e+00
6.344350337982177734e+00
6.494143962860107422e+00
6.454311847686767578e+00
6.529782295227050781e+00
6.464354038238525391e+00
6.476530551910400391e+00
6.537395954132080078e+00
7.133779525756835938e+00
6.497076511383056641e+00
6.750362396240234375e+00
6.239524364471435547e+00
6.794203281402587891e+00
6.344823360443115234e+00
6.258369445800781250e+00
5.859706401824951172e+00
6.750361919403076172e+00
