7.2746882 6.572746  6.322106  6.0663223 5.910485  6.53023   6.440275
 5.9418    6.4555526 6.3472285 5.717592  6.4880977 5.657269  5.5926766
 5.964276  6.6163063 6.2755947 5.4885545 5.448177  5.718697  5.5932584
 5.965138  6.507665  6.4977183 5.6896615 5.998362  5.711413  5.653143
 5.6792846 6.112563  6.4013095 5.8185544 5.42268   5.549393  5.957078
 5.9534454 6.604133  6.2040133 7.4461856 5.6672683 5.786655  5.959617
 6.1363053 6.310915  6.4917603 6.6727796 5.817779  5.8923206 5.8597064
 6.188541  5.895043  6.046436  6.1365066 6.326099  6.1562552 5.993186
 6.078244  5.9987397 5.9804683 6.5670676 6.508926  6.4800663 7.936725
 5.583299  5.583299  5.478518  5.724753  5.5260344 5.522145  7.003313
 7.807297  7.6605415 8.152614  8.380424  8.380424  7.742806  7.791487
 7.341448  7.5695024 7.305207  7.3729205 7.0762434 6.1057076 7.1033998
 6.117627  5.1974497 6.9821944 7.2909646 6.6956277 7.387942  6.7745967
 7.2309976 7.124699  7.6944685 7.6771116 6.516633  6.5490384 6.546248
 7.102617  7.113212  7.0859756 7.119328  7.120881  7.1576085 7.488959
 7.477222  7.2785144 7.916599  6.974827  7.443067  7.605206  6.935033
 7.552385  8.0142355 7.1305013 8.245131  7.938967  7.792011  7.4937778
 7.474197  7.975062  7.9098206 7.883149  7.488959  7.321029  7.321029
 7.3480363 8.186299  7.8272824 7.975062  5.367975  5.4721837 5.6318107
 5.797199  5.970323  6.1504307 6.3316455 7.627706  5.5681186 7.2974133
 7.51002   7.202727  6.407062  7.1819434 7.167083  6.9977536 6.6169095
 7.135525  7.1957183 7.1187    6.352708  6.6336813 7.076649  6.482704
 7.0383725 6.9137273 6.5231776 7.6005664 7.3825765 6.2542396 7.342548
 7.3748074 7.0123086 7.0123086 7.183807  6.625919  7.244859  6.7840114
 5.9291835 7.576311  7.574927  7.5521245 7.0112767 7.0165734 6.812981
 6.91569   7.009051  7.072436  7.5338526 7.4950614 6.9400024 7.383199
 7.408154  7.384024  7.844314  7.204638  5.4308324 7.920548  7.7595224
 7.6703334 7.356813  8.292623  7.3956695 8.04069   8.195426  7.5356984
 7.520186  7.180287  7.2553635 7.2739844 7.5344763 7.5440316 7.5383024
 7.5220437 7.4628034 7.4505086 7.0006433 6.8625507 7.5474796 7.5622926
 7.543589  7.4882855 7.618896  7.659905  7.6285477 7.5595336 7.025972
 7.11398   6.506625  5.9179683 6.3052907 5.828663  5.6845546 5.767884
 5.7730966 5.587398  5.639846  8.283806  8.398016  7.8949184 7.992454
 7.971597  7.963928  7.98898   7.9003615 7.892566  7.9108486 8.062454
 7.650843  8.052369  8.117833  7.6685348 7.9283156 8.050152  7.949429
 7.950067  8.002585  8.028806  8.13641   8.112772  8.227169  8.168868
 7.966983  8.112562  7.9481463 7.8295264 7.7924314 7.8215995 8.172863
 8.039741  7.935239  7.779139  6.4084144 6.4084144 6.4084144 7.3454967
 7.3454967 7.3454967 8.112772  8.112772  7.7089305 7.9605927 8.168588
 8.086175  7.6784368 7.659739  7.715836  7.5698323 7.643743  7.773129
 7.6591763 6.1511345 6.7242823 6.7164273 6.2216887 6.1876163 6.1458926
 6.1969385 5.9801817 5.971566  5.9788184 5.9118314 5.833832  6.061989
 7.4985175 5.822996  5.4815607 5.590114  5.9426436 6.850905  5.9959483
 6.2276635 6.0770087 6.045683  5.6352096 5.9785438 5.691231  5.929623
 5.994135  5.9737935 5.9320045 5.69932   6.1706624 6.0689654 5.6982417
 5.852734  5.9428782 5.5813146 5.5921226 5.672894  5.7565856 5.487168
 5.9070315 6.03896   5.69986   5.582895  6.963205  5.572867  5.539833
 5.641782  6.2539983 6.524655  7.5818257 7.38158   7.570345  7.4110694
 7.530607  7.391945  7.576041  7.26744   7.6218915 7.996122  6.043573
 6.583197  6.740824  6.8111963 6.8998194 6.475782  6.0873575 6.6021056
 6.7597294 6.8300977 6.4554853 7.1380486 6.613987  7.0393806 6.654898
 7.0604577 7.084072  6.596191  6.878326  7.0018535 7.0252037 8.949298
 8.04682   7.390884  7.739102  7.949039  8.056633  8.116773  4.6494627
 4.996675  4.841537  5.050813  4.731093  4.9800224 5.095053  4.805282
 4.883614  5.2276196 4.5333734 4.7645307 5.0867186 6.1337457 6.6427836
 6.2974806 5.9728713 5.805754  5.264092  5.9046807 5.726992  5.5626397
 5.345448  6.4491124 6.24485   6.6710296 6.201969  6.4480147 6.240893
 6.242333  6.139265  6.609698  6.091171  6.6960173 5.5786066 9.121606
 7.717827  7.720914  7.742706  7.7705827 8.9269705 9.001272  9.001272
 9.029426  8.805362  8.805362  8.764605  8.818999  8.833713  9.121606
 9.121606  9.121606  9.121606  9.121606  9.128083  9.140984  9.146945
 9.022039  8.951292  8.984494  9.303396  9.288795  9.073263  9.06407
 6.406974  5.3249817 5.276907  5.3333163 5.2888613 7.5330577 7.1316576
 7.319819  7.0280476 7.1531544 7.450447  6.905242  7.430488  6.335461
 4.855762  6.9521213 7.1389556 6.4626365 6.4858203 6.551873  6.476232
 6.50184   6.4906416 6.530386  6.3443503 6.494144  6.454312  6.5297823
 6.464354  6.4765306 6.537396  7.1337795 6.4970765 6.7503624 6.2395244
 6.7942033 6.3448234 6.2583694 5.8597064 6.750362